0	1701
1	1702
2	1703
3	1704
4	1705
5	1706
6	1707
7	1708
8	1709
9	1710
10	1711
11	1712
12	1713
13	1714
14	1715
15	1716
16	1717
17	1718
18	1719
19	1720
20	1721
21	1722
22	1723
23	1724
24	1725
25	1726
26	1727
27	1728
28	1729
29	1730
30	1731
31	1732
32	1733
33	1734
34	1735
35	1736
36	1737
37	1738
38	1739
39	1740
40	1741
41	1742
42	1743
43	1744
44	1745
45	1746
46	1747
47	1748
48	1749
49	1750
50	1751
51	1752
52	1753
53	1754
54	1755
55	1756
56	1757
57	1758
58	1759
59	1760
60	1761
61	1762
62	1763
63	1764
64	1765
65	1766
66	1767
67	1768
68	1769
69	1770
70	1771
71	1772
72	1773
73	1774
74	1775
75	1776
76	1777
77	1778
78	1779
79	1780
80	1781
81	1782
82	1783
83	1784
84	1785
85	1786
86	1787
87	1788
88	1789
89	1790
90	1791
91	1792
92	1793
93	1794
94	1795
95	1796
96	1797
97	1798
98	1799
99	1800
100	1801
101	1802
102	1803
103	1804
104	1805
105	1806
106	1807
107	1808
108	1809
109	1810
110	1811
111	1812
112	1813
113	1814
114	1815
115	1816
116	1817
117	1818
118	1819
119	1820
120	1821
121	1822
122	1823
123	1824
124	1825
125	1826
126	1827
127	1828
128	1829
129	1830
130	1831
131	1832
132	1833
133	1834
134	1835
135	1836
136	1837
137	1838
138	1839
139	1840
140	1841
141	1842
142	1843
143	1844
144	1845
145	1846
146	1847
147	1848
148	1849
149	1850
150	1851
151	1852
152	1853
153	1854
154	1855
155	1856
156	1857
157	1858
158	1859
159	1860
160	1861
161	1862
162	1863
163	1864
164	1865
165	1866
166	1867
167	1868
168	1869
169	1870
170	1871
171	1872
172	1873
173	1874
174	1875
175	1876
176	1877
177	1878
178	1879
179	1880
180	1881
181	1882
182	1883
183	1884
184	1885
185	1886
186	1887
187	1888
188	1889
189	1890
190	1891
191	1892
192	1893
193	1894
194	1895
195	1896
196	1897
197	1898
198	1899
199	1900
200	1901
201	1902
202	1903
203	1904
204	1905
205	1906
206	1907
207	1908
208	1909
209	1910
210	1911
211	1912
212	1913
213	1914
214	1915
215	1916
216	1917
217	1918
218	1919
219	1920
220	1921
221	1922
222	1923
223	1924
224	1925
225	1926
226	1927
227	1928
228	1929
229	1930
230	1931
231	1932
232	1933
233	1934
234	1935
235	1936
236	1937
237	1938
238	1939
239	1940
240	1941
241	1942
242	1943
243	1944
244	1945
245	1946
246	1947
247	1948
248	1949
249	1950
250	1951
251	1952
252	1953
253	1954
254	1955
255	1956
256	1957
257	1958
258	1959
259	1960
260	1961
261	1962
262	1963
263	1964
264	1965
265	1966
266	1967
267	1968
268	1969
269	1970
270	1971
271	1972
272	1973
273	1974
274	1975
275	1976
276	1977
277	1978
278	1979
279	1980
280	1981
281	1982
282	1983
283	1984
284	1985
285	1986
286	1987
287	1988
288	1989
289	1990
290	1991
291	1992
292	1993
293	1994
294	1995
295	1996
296	1997
297	1998
298	1999
299	2000
300	2001
301	2002
302	2003
303	2004
304	2005
305	2006
306	2007
307	2008
308	2009
309	2010
310	2011
311	2012
312	2013
313	2014
314	2015
315	2016
316	2017
317	2018
318	2019
319	2020
320	2021
321	2022
322	2023
323	2024
324	2025
325	2026
326	2027
327	2028
328	2029
329	2030
330	2031
331	2032
332	2033
333	2034
334	2035
335	2036
336	2037
337	2038
338	2039
339	2040
340	2041
341	2042
342	2043
343	2044
344	2045
345	2046
346	2047
347	2048
348	2049
349	2050
350	2051
351	2052
352	2053
353	2054
354	2055
355	2056
356	2057
357	2058
358	2059
359	2060
360	2061
361	2062
362	2063
363	2064
364	2065
365	2066
366	2067
367	2068
368	2069
369	2070
370	2071
371	2072
372	2073
373	2074
374	2075
375	2076
376	2077
377	2078
378	2079
379	2080
380	2081
381	2082
382	2083
383	2084
384	2085
385	2086
386	2087
387	2088
388	2089
389	2090
390	2091
391	2092
392	2093
393	2094
394	2095
395	2096
396	2097
397	2098
398	2099
399	2100
400	2101
401	2102
402	2103
403	2104
404	2105
405	2106
406	2107
407	2108
408	2109
409	2110
410	2111
411	2112
412	2113
413	2114
414	2115
415	2116
416	2117
417	2118
418	2119
419	2120
420	2121
421	2122
422	2123
423	2124
424	2125
425	2126
426	2127
427	2128
428	2129
429	2130
430	2131
431	2132
432	2133
433	2134
434	2135
435	2136
436	2137
437	2138
438	2139
439	2140
440	2141
441	2142
442	2143
443	2144
444	2145
445	2146
446	2147
447	2148
448	2149
449	2150
450	2151
451	2152
452	2153
453	2154
454	2155
455	2156
456	2157
457	2158
458	2159
459	2160
460	2161
461	2162
462	2163
463	2164
464	2165
465	2166
466	2167
467	2168
468	2169
469	2170
470	2171
471	2172
472	2173
473	2174
474	2175
475	2176
476	2177
477	2178
478	2179
479	2180
480	2181
481	2182
482	2183
483	2184
484	2185
485	2186
486	2187
487	2188
488	2189
489	2190
490	2191
491	2192
492	2193
493	2194
494	2195
495	2196
496	2197
497	2198
498	2199
499	2200
500	2201
501	2202
502	2203
503	2204
504	2205
505	2206
506	2207
507	2208
508	2209
509	2210
510	2211
511	2212
512	2213
513	2214
514	2215
515	2216
516	2217
517	2218
518	2219
519	2220
520	2221
521	2222
522	2223
523	2224
524	2225
525	2226
526	2227
527	2228
528	2229
529	2230
530	2231
531	2232
532	2233
533	2234
534	2235
535	2236
536	2237
537	2238
538	2239
539	2240
540	2241
541	2242
542	2243
543	2244
544	2245
545	2246
546	2247
547	2248
548	2249
549	2250
550	2251
551	2252
552	2253
553	2254
554	2255
555	2256
556	2257
557	2258
558	2259
559	2260
560	2261
561	2262
562	2263
563	2264
564	2265
565	2266
566	2267
567	2268
568	2269
569	2270
570	2271
571	2272
572	2273
573	2274
574	2275
575	2276
576	2277
577	2278
578	2279
579	2280
580	2281
581	2282
582	2283
583	2284
584	2285
585	2286
586	2287
587	2288
588	2289
589	2290
590	2291
591	2292
592	2293
593	2294
594	2295
595	2296
596	2297
597	2298
598	2299
599	2300
600	2301
601	2302
602	2303
603	2304
604	2305
605	2306
606	2307
607	2308
608	2309
609	2310
610	2311
611	2312
612	2313
613	2314
614	2315
615	2316
616	2317
617	2318
618	2319
619	2320
620	2321
621	2322
622	2323
623	2324
624	2325
625	2326
626	2327
627	2328
628	2329
629	2330
630	2331
631	2332
632	2333
633	2334
634	2335
635	2336
636	2337
637	2338
638	2339
639	2340
640	2341
641	2342
642	2343
643	2344
644	2345
645	2346
646	2347
647	2348
648	2349
649	2350
650	2351
651	2352
652	2353
653	2354
654	2355
655	2356
656	2357
657	2358
658	2359
659	2360
660	2361
661	2362
662	2363
663	2364
664	2365
665	2366
666	2367
667	2368
668	2369
669	2370
670	2371
671	2372
672	2373
673	2374
674	2375
675	2376
676	2377
677	2378
678	2379
679	2380
680	2381
681	2382
682	2383
683	2384
684	2385
685	2386
686	2387
687	2388
688	2389
689	2390
690	2391
691	2392
692	2393
693	2394
694	2395
695	2396
696	2397
697	2398
698	2399
699	2400
700	2401
701	2402
702	2403
703	2404
704	2405
705	2406
706	2407
707	2408
708	2409
709	2410
710	2411
711	2412
712	2413
713	2414
714	2415
715	2416
716	2417
717	2418
718	2419
719	2420
720	2421
721	2422
722	2423
723	2424
724	2425
725	2426
726	2427
727	2428
728	2429
729	2430
730	2431
731	2432
732	2433
733	2434
734	2435
735	2436
736	2437
737	2438
738	2439
739	2440
740	2441
741	2442
742	2443
743	2444
744	2445
745	2446
746	2447
747	2448
748	2449
749	2450
750	2451
751	2452
752	2453
753	2454
754	2455
755	2456
756	2457
757	2458
758	2459
759	2460
760	2461
761	2462
762	2463
763	2464
764	2465
765	2466
766	2467
767	2468
768	2469
769	2470
770	2471
771	2472
772	2473
773	2474
774	2475
775	2476
776	2477
777	2478
778	2479
779	2480
780	2481
781	2482
782	2483
783	2484
784	2485
785	2486
786	2487
787	2488
788	2489
789	2490
790	2491
791	2492
792	2493
793	2494
794	2495
795	2496
796	2497
797	2498
798	2499
799	2500
800	2501
801	2502
802	2503
803	2504
804	2505
805	2506
806	2507
807	2508
808	2509
809	2510
810	2511
811	2512
812	2513
813	2514
814	2515
815	2516
816	2517
817	2518
818	2519
819	2520
820	2521
821	2522
822	2523
823	2524
824	2525
825	2526
826	2527
827	2528
828	2529
829	2530
830	2531
831	2532
832	2533
833	2534
834	2535
835	2536
836	2537
837	2538
838	2539
839	2540
840	2541
841	2542
842	2543
843	2544
844	2545
845	2546
846	2547
847	2548
848	2549
849	2550
850	2551
851	2552
852	2553
853	2554
854	2555
855	2556
856	2557
857	2558
858	2559
859	2560
860	2561
861	2562
862	2563
863	2564
864	2565
865	2566
866	2567
867	2568
868	2569
869	2570
870	2571
871	2572
872	2573
873	2574
874	2575
875	2576
876	2577
877	2578
878	2579
879	2580
880	2581
881	2582
882	2583
883	2584
884	2585
885	2586
886	2587
887	2588
888	2589
889	2590
890	2591
