0	1299
1	1300
2	1301
3	1302
4	1303
5	1304
6	1305
7	1306
8	1307
9	1308
10	1309
11	1310
12	1311
13	1312
14	1313
15	1314
16	1315
17	1316
18	1317
19	1318
20	1319
21	1320
22	1321
23	1322
24	1323
25	1324
26	1325
27	1326
28	1327
29	1328
30	1329
31	1330
32	1331
33	1332
34	1333
35	1334
36	1335
37	1336
38	1337
39	1338
40	1339
41	1340
42	1341
43	1342
44	1343
45	1344
46	1345
47	1346
48	1347
49	1348
50	1349
51	1350
52	1351
53	1352
54	1353
55	1354
56	1355
57	1356
58	1357
59	1358
60	1359
61	1360
62	1361
63	1362
64	1363
65	1364
66	1365
67	1366
68	1367
69	1368
70	1369
71	1370
72	1371
73	1372
74	1373
75	1374
76	1375
77	1376
78	1377
79	1378
80	1379
81	1380
82	1381
83	1382
84	1383
85	1384
86	1385
87	1386
88	1387
89	1388
90	1389
91	1390
92	1391
93	1392
94	1393
95	1394
96	1395
97	1396
98	1397
99	1398
100	1399
101	1400
102	1401
103	1402
104	1403
105	1404
106	1405
107	1406
108	1407
109	1408
110	1409
111	1410
112	1411
113	1412
114	1413
115	1414
116	1415
117	1416
118	1417
119	1418
120	1419
121	1420
122	1421
123	1422
124	1423
125	1424
126	1425
127	1426
128	1427
129	1428
130	1429
131	1430
132	1431
133	1432
134	1433
135	1434
136	1435
137	1436
138	1437
139	1438
140	1439
141	1440
142	1441
143	1442
144	1443
145	1444
146	1445
147	1446
148	1447
149	1448
150	1449
151	1450
152	1451
153	1452
154	1453
155	1454
156	1455
157	1456
158	1457
159	1458
160	1459
161	1460
162	1461
163	1462
164	1463
165	1464
166	1465
167	1466
168	1467
169	1468
170	1469
171	1470
172	1471
173	1472
174	1473
175	1474
176	1475
177	1476
178	1477
179	1478
180	1479
181	1480
182	1481
183	1482
184	1483
185	1484
186	1485
187	1486
188	1487
189	1488
190	1489
191	1490
192	1491
193	1492
194	1493
195	1494
196	1495
197	1496
198	1497
199	1498
200	1499
201	1500
202	1501
203	1502
204	1503
205	1504
206	1505
207	1506
208	1507
209	1508
210	1509
211	1510
212	1511
213	1512
214	1513
215	1514
216	1515
217	1516
218	1517
219	1518
220	1519
221	1520
222	1521
223	1522
224	1523
225	1524
226	1525
227	1526
228	1527
229	1528
230	1529
231	1530
232	1531
233	1532
234	1533
235	1534
236	1535
237	1536
238	1537
239	1538
240	1539
241	1540
242	1541
243	1542
244	1543
245	1544
246	1545
247	1546
248	1547
249	1548
250	1549
251	1550
252	1551
253	1552
254	1553
255	1554
256	1555
257	1556
258	1557
259	1558
260	1559
261	1560
262	1561
263	1562
264	1563
265	1564
266	1565
267	1566
268	1567
269	1568
270	1569
271	1570
272	1571
273	1572
274	1573
275	1574
276	1575
277	1576
278	1577
279	1578
280	1579
281	1580
282	1581
283	1582
284	1583
285	1584
286	1585
287	1586
288	1587
289	1588
290	1589
291	1590
292	1591
293	1592
294	1593
295	1594
296	1595
297	1596
298	1597
299	1598
300	1599
301	1600
302	1601
303	1602
304	1603
305	1604
306	1605
307	1606
308	1607
309	1608
310	1609
311	1610
312	1611
313	1612
314	1613
315	1614
316	1615
317	1616
318	1617
319	1618
320	1619
321	1620
322	1621
323	1622
324	1623
325	1624
326	1625
327	1626
328	1627
329	1628
330	1629
331	1630
332	1631
333	1632
334	1633
335	1634
336	1635
337	1636
338	1637
339	1638
340	1639
341	1640
342	1641
343	1642
344	1643
345	1644
346	1645
347	1646
348	1647
349	1648
350	1649
351	1650
352	1651
353	1652
354	1653
355	1654
356	1655
357	1656
358	1657
359	1658
360	1659
361	1660
362	1661
363	1662
364	1663
365	1664
366	1665
367	1666
368	1667
369	1668
370	1669
371	1670
372	1671
373	1672
374	1673
375	1674
376	1675
377	1676
378	1677
379	1678
380	1679
381	1680
382	1681
383	1682
384	1683
385	1684
386	1685
387	1686
388	1687
389	1688
390	1689
391	1690
392	1691
393	1692
394	1693
395	1694
396	1695
397	1696
398	1697
399	1698
400	1699
401	1700
402	1701
403	1702
404	1703
405	1704
406	1705
407	1706
408	1707
409	1708
410	1709
411	1710
412	1711
413	1712
414	1713
415	1714
416	1715
417	1716
418	1717
419	1718
420	1719
421	1720
422	1721
423	1722
424	1723
425	1724
426	1725
427	1726
428	1727
429	1728
430	1729
431	1730
432	1731
433	1732
434	1733
435	1734
436	1735
437	1736
438	1737
439	1738
440	1739
441	1740
442	1741
443	1742
444	1743
445	1744
446	1745
447	1746
448	1747
449	1748
450	1749
451	1750
452	1751
453	1752
454	1753
455	1754
456	1755
457	1756
458	1757
459	1758
460	1759
461	1760
462	1761
463	1762
464	1763
465	1764
466	1765
467	1766
468	1767
469	1768
470	1769
471	1770
472	1771
473	1772
474	1773
475	1774
476	1775
477	1776
478	1777
479	1778
480	1779
481	1780
482	1781
483	1782
484	1783
485	1784
486	1785
487	1786
488	1787
489	1788
490	1789
491	1790
492	1791
493	1792
494	1793
495	1794
496	1795
497	1796
498	1797
499	1798
500	1799
501	1800
502	1801
503	1802
504	1803
505	1804
506	1805
507	1806
508	1807
509	1808
510	1809
511	1810
512	1811
513	1812
514	1813
515	1814
516	1815
517	1816
518	1817
519	1818
520	1819
521	1820
522	1821
523	1822
524	1823
525	1824
526	1825
527	1826
528	1827
529	1828
530	1829
531	1830
532	1831
533	1832
534	1833
535	1834
536	1835
537	1836
538	1837
539	1838
540	1839
541	1840
542	1841
543	1842
544	1843
545	1844
546	1845
547	1846
548	1847
549	1848
550	1849
551	1850
552	1851
553	1852
554	1853
555	1854
556	1855
557	1856
558	1857
559	1858
560	1859
561	1860
562	1861
563	1862
564	1863
565	1864
566	1865
567	1866
568	1867
569	1868
570	1869
571	1870
572	1871
573	1872
574	1873
575	1874
576	1875
577	1876
578	1877
579	1878
580	1879
581	1880
